0	0	0	0	0
1	1	5	20001;100	0
2	2	10	20001;200	0
3	3	15	20001;300	0
4	4	20	20001;400	0
5	5	25	20001;500	0
6	6	30	20001;600	0
7	7	35	20001;700	0
8	8	40	20001;800	0
9	9	45	20001;900	0
10	10	50	20001;1000	0
11	0	50	0	1
12	1	55	20001;2000	1
13	2	60	20001;3000	1
14	3	65	20001;4000	1
15	4	70	20001;5000	1
16	5	75	20001;6000	1
17	6	80	20001;7000	1
18	7	85	20001;8000	1
19	8	90	20001;9000	1
20	9	95	20001;10000	1
21	10	100	20001;20000	1
22	0	100	0	2
23	1	105	20001;30000	2
24	2	110	20001;40000	2
25	3	115	20001;50000	2
26	4	120	20001;60000	2
27	5	125	20001;70000	2
28	6	130	20001;80000	2
29	7	135	20001;90000	2
30	8	140	20001;100000	2
31	9	145	20001;110000	2
32	10	150	20001;120000	2
33	0	150	0	3
34	1	155	20001;130000	3
35	2	160	20001;140000	3
36	3	165	20001;150000	3
37	4	170	20001;160000	3
38	5	175	20001;170000	3
39	6	180	20001;180000	3
40	7	185	20001;190000	3
41	8	190	20001;200000	3
42	9	195	20001;210000	3
43	10	200	20001;220000	3
44	0	200	0	3
45	1	205	20001;230000	4
46	2	210	20001;240000	4
47	3	215	20001;250000	4
48	4	220	20001;260000	4
49	5	225	20001;270000	4
50	6	230	20001;280000	4
51	7	235	20001;290000	4
52	8	240	20001;300000	4
53	9	245	20001;310000	4
54	10	250	20001;320000	4
