INSERT INTO `item_template2` VALUES
(1,'铜甲',1,99,1),
(2,'铜盔',1,99,1),
(3,'绿色项链',1,99,1),
(4,'铜靴',1,99,1),
(5,'铜锤1',1,99,1),
(6,'铜锤2',1,99,1),
(10001,'宝箱',2,99,1),
(10002,'军粮包',2,99,1),
(20001,'铜钱',3,-1,1),
(20002,'元宝',3,-1,1),
(40001,'张飞灵魂碎片',4,99,1),
(40002,'赵云灵魂碎片',4,99,1),
(40003,'军阀骑将男灵魂碎片',4,99,1),
(40004,'军阀弓兵灵魂碎片',4,99,1),
(40005,'主角灵魂碎片',4,99,1),
(40006,'主角灵魂碎片',4,99,1),
(40007,'主角灵魂碎片',4,99,1),
(40008,'主角灵魂碎片',4,99,1),
(40009,'主角灵魂碎片',4,99,1),
(40010,'主角灵魂碎片',4,99,1),
(40011,'主角灵魂碎片',4,99,1),
(41001,'许褚灵魂碎片',4,99,1),
(41002,'赵云灵魂碎片',4,99,1),
(41003,'管亥灵魂碎片',4,99,1),
(41004,'张薇薇灵魂碎片',4,99,1),
(41005,'华雄灵魂碎片',4,99,1),
(41006,'徐晃灵魂碎片',4,99,1),
(41007,'蔡文姬灵魂碎片',4,99,1),
(41008,'典韦灵魂碎片',4,99,1),
(41009,'贾诩灵魂碎片',4,99,1),
(41010,'邹氏灵魂碎片',4,99,1),
(41011,'张辽灵魂碎片',4,99,1),
(41012,'陈宫灵魂碎片',4,99,1),
(41013,'吕玲绮灵魂碎片',4,99,1),
(41014,'颜良灵魂碎片',4,99,1),
(41015,'文丑灵魂碎片',4,99,1),
(41016,'张合灵魂碎片',4,99,1),
(41017,'纪灵灵魂碎片',4,99,1),
(41018,'甄姬灵魂碎片',4,99,1);
