INSERT INTO `lvl_exp` VALUES
(0,exp),
(1,1000),
(2,3000),
(3,5000),
(4,7000),
(5,9000),
(6,11000),
(7,13000),
(8,15000),
(9,17000),
(10,19000),
(11,21000),
(12,23000),
(13,25000),
(14,27000),
(15,29000),
(16,31000),
(17,33000),
(18,35000),
(19,37000),
(20,39000),
(21,41000),
(22,43000),
(23,45000),
(24,47000),
(25,49000),
(26,51000),
(27,53000),
(28,55000),
(29,57000),
(30,59000),
(31,61000),
(32,63000),
(33,65000),
(34,67000),
(35,69000),
(36,71000),
(37,73000),
(38,75000),
(39,77000),
(40,79000),
(41,81000),
(42,83000),
(43,85000),
(44,87000),
(45,89000),
(46,91000),
(47,93000),
(48,95000),
(49,97000),
(50,99000),
(51,101000),
(52,103000),
(53,105000),
(54,107000),
(55,109000),
(56,111000),
(57,113000),
(58,115000),
(59,117000),
(60,119000),
(61,121000),
(62,123000),
(63,125000),
(64,127000),
(65,129000),
(66,131000),
(67,133000),
(68,135000),
(69,137000),
(70,139000),
(71,141000),
(72,143000),
(73,145000),
(74,147000),
(75,149000),
(76,151000),
(77,153000),
(78,155000),
(79,157000),
(80,159000),
(81,161000),
(82,163000),
(83,165000),
(84,167000),
(85,169000),
(86,171000),
(87,173000),
(88,175000),
(89,177000),
(90,179000),
(91,181000),
(92,183000),
(93,185000),
(94,187000),
(95,189000),
(96,191000),
(97,193000),
(98,195000),
(99,197000),
(100,199000),
(101,201000),
(102,203000),
(103,205000),
(104,207000),
(105,209000),
(106,211000),
(107,213000),
(108,215000),
(109,217000),
(110,219000),
(111,221000),
(112,223000),
(113,225000),
(114,227000),
(115,229000),
(116,231000),
(117,233000),
(118,235000),
(119,237000),
(120,239000),
(121,241000),
(122,243000),
(123,245000),
(124,247000),
(125,249000),
(126,251000),
(127,253000),
(128,255000),
(129,257000),
(130,259000),
(131,261000),
(132,263000),
(133,265000),
(134,267000),
(135,269000),
(136,271000),
(137,273000),
(138,275000),
(139,277000),
(140,279000),
(141,281000),
(142,283000),
(143,285000),
(144,287000),
(145,289000),
(146,291000),
(147,293000),
(148,295000),
(149,297000),
(150,299000),
(151,301000),
(152,303000),
(153,305000),
(154,307000),
(155,309000),
(156,311000),
(157,313000),
(158,315000),
(159,317000),
(160,319000),
(161,321000),
(162,323000),
(163,325000),
(164,327000),
(165,329000),
(166,331000),
(167,333000),
(168,335000),
(169,337000),
(170,339000),
(0,);
