INSERT INTO `monster` VALUES
(1,1,'kaa',320,80,2200,0,0),
(2,1,'qsj',400,85,2200,0,0),
(3,1,'jack',480,90,2200,0,0),
(4,1,'jay',560,95,2200,0,0),
(5,1,'jackson',720,100,1200,1,1),
(6,2,'steven',560,95,2200,0,0),
(7,2,'lily',720,100,2200,0,0),
(8,2,'shannon',880,105,2200,0,0),
(9,2,'newton',1040,110,2200,1,2),
(10,2,'libo',1200,115,1200,2,1),
(11,3,'panyq',1040,110,2200,0,0),
(12,3,'luodk',1200,115,2200,0,0),
(13,3,'wfq',1360,120,2200,1,3),
(14,3,'fsl',1520,125,2200,2,2),
(15,3,'qs',1680,130,1200,3,1);
