INSERT INTO `skillCondition` VALUES
(0,'name',0,0,0,0),
(1,'箭雨',0,0,0,0),
(2,'冰箭',0,0,0,0),
(3,'孙武后人',0,0,0,0),
(4,'步兵体形普攻',0,100,100,1),
(5,'骑兵体形普攻',0,100,150,1),
(6,'弓兵体形普射',0,0,18446744073709551615,1),
(7,'谋士体形普攻',0,0,0,0),
(8,'枪兵体形普攻',0,0,0,0),
(11,'许褚体形普攻',0,100,100,1),
(12,'弓兵体形普攻',0,100,100,2),
(201,'步兵横扫',0,100,100,1),
(202,'步兵劈砍',0,100,100,2),
(203,'步兵向前投掷',0,0,0,0),
(204,'步兵防御',1,50,0,9),
(301,'管亥劈砍',0,50,100,2),
(302,'管亥横扫',0,100,100,1),
(303,'管亥震地',0,30,100,4),
(304,'管亥乱锤',0,50,100,3),
(305,'管亥爆发',0,0,0,0),
(306,'管亥投掷',0,0,0,0),
(307,'管亥防御',1,50,0,9),
(401,'贾诩召唤旋风',0,100,18446744073709551615,1),
(402,'贾诩投掷炸弹',0,100,100,2),
(403,'贾诩劈砍',0,100,100,3),
(404,'贾诩爆发',0,0,0,0),
(405,'贾诩防御',1,50,0,9),
(501,'弓兵平射',0,100,18446744073709551615,1),
(502,'弓兵抛射',0,0,0,0),
(503,'弓兵劈砍',0,100,100,2),
(504,'弓兵防御',1,50,0,9),
(601,'男主劈砍',0,50,150,4),
(602,'男主挑击',0,50,150,3),
(603,'男主突刺',0,100,150,6),
(604,'男主向后劈砍',0,50,150,5),
(605,'男主横扫1',0,100,150,2),
(606,'男主横扫2',0,100,150,1),
(607,'男主挥舞',0,30,150,7),
(608,'男主爆发',0,0,0,0),
(609,'男主向前投掷',0,0,0,0),
(610,'男主向后投掷',0,0,0,0),
(611,'男主防御',1,50,0,9),
(612,'男主向后防御',1,50,0,0),
(701,'女主劈砍',0,50,150,4),
(702,'女主挑击',0,50,150,3),
(703,'女主突刺',0,100,150,6),
(704,'女主向后劈砍',0,50,150,5),
(705,'女主横扫1',0,100,150,2),
(706,'女主横扫2',0,100,150,1),
(707,'女主挥舞',0,30,150,7),
(708,'女主爆发',0,0,0,0),
(709,'女主向前投掷',0,0,0,0),
(710,'女主向后投掷',0,0,0,0),
(711,'女主防御',1,50,0,9),
(712,'女主向后防御',1,50,0,0),
(801,'吕玲绮劈砍',0,50,100,4),
(802,'吕玲绮挑击',0,50,100,3),
(803,'吕玲绮横扫1',0,100,100,2),
(804,'吕玲绮横扫2',0,100,100,1),
(805,'吕玲绮快攻',0,30,100,5),
(806,'吕玲绮爆发',0,0,0,0),
(807,'吕玲绮向前投掷',0,0,0,0),
(808,'吕玲绮向上投掷',0,0,0,0),
(809,'吕玲绮防御',1,50,0,9),
(901,'骑兵劈砍',0,50,150,3),
(902,'骑兵后劈砍',0,50,150,2),
(903,'骑兵横扫1',0,100,150,1),
(904,'骑兵投掷',0,0,0,0),
(905,'骑兵防御',1,50,0,9),
(906,'骑兵向后防御',1,50,0,0),
(1001,'徐晃平射',0,100,18446744073709551615,1),
(1002,'徐晃抛射',0,0,0,0),
(1003,'徐晃快射',0,50,100,3),
(1004,'徐晃蓄力射击',0,50,100,4),
(1005,'徐晃劈砍',0,100,100,2),
(1006,'徐晃爆发',0,0,0,0),
(1007,'徐晃防御',1,50,0,9),
(1101,'张飞劈砍',0,50,180,3),
(1102,'张飞挑击',0,50,180,2),
(1103,'张飞突刺',0,100,180,1),
(1104,'张飞脚踢',0,100,180,4),
(1105,'张飞快攻',0,30,180,5),
(1106,'张飞爆发',0,0,0,0),
(1107,'张飞向前投掷',0,0,0,0),
(1108,'张飞防御',1,50,0,9),
(1201,'张梁劈砍',0,50,150,4),
(1202,'张梁快攻',0,30,150,5),
(1203,'张梁横扫1',0,100,150,2),
(1204,'张梁横扫2',0,100,150,1),
(1205,'张梁后劈砍',0,50,150,3),
(1206,'张梁挥舞',0,30,150,6),
(1207,'张梁爆发',0,0,0,0),
(1208,'张梁向前投掷',0,0,0,0),
(1209,'张梁向后投掷',0,0,0,0),
(1210,'张梁防御',1,50,0,9),
(1211,'张梁向后防御',1,50,0,0),
(1301,'甄姬平射',0,100,18446744073709551615,1),
(1302,'甄姬抛射',0,0,0,0),
(1303,'甄姬快射',0,50,100,3),
(1304,'甄姬蓄力射击',0,50,100,4),
(1305,'甄姬劈砍',0,100,100,2),
(1306,'甄姬爆发',0,0,0,0),
(1307,'甄姬防御',1,50,0,9),
(10101,'飞翔剑',0,100,10000,100),
(10102,'0',0,0,0,0),
(10103,'0',0,0,0,0),
(10104,'0',0,0,0,0),
(10105,'0',0,0,0,0),
(10106,'0',0,0,0,0),
(10107,'0',0,0,0,0),
(10108,'0',0,0,0,0),
(10109,'0',0,0,0,0),
(10201,'千军破(赵云体现专用)',0,100,10000,100),
(10202,'0',0,0,0,0),
(10203,'0',0,0,0,0),
(10204,'0',0,0,0,0),
(10205,'0',0,0,0,0),
(10206,'0',0,0,0,0),
(10207,'0',0,0,0,0),
(10208,'0',0,0,0,0),
(10209,'0',0,0,0,0),
(10301,'火牛阵',0,100,10000,100),
(10302,'0',0,0,0,0),
(10303,'0',0,0,0,0),
(10304,'0',0,0,0,0),
(10305,'0',0,0,0,0),
(10306,'0',0,0,0,0),
(10307,'0',0,0,0,0),
(10308,'0',0,0,0,0),
(10309,'0',0,0,0,0),
(10401,'开山震',0,0,0,100),
(10402,'0',0,0,0,0),
(10403,'0',0,0,0,0),
(10404,'0',0,0,0,0),
(10405,'0',0,0,0,0),
(10406,'0',0,0,0,0),
(10407,'0',0,0,0,0),
(10408,'0',0,0,0,0),
(10409,'0',0,0,0,0),
(10501,'金刚甲',0,100,10000,100),
(10502,'0',0,0,0,0),
(10503,'0',0,0,0,0),
(10504,'0',0,0,0,0),
(10505,'0',0,0,0,0),
(10506,'0',0,0,0,0),
(10507,'0',0,0,0,0),
(10508,'0',0,0,0,0),
(10509,'0',0,0,0,0),
(10601,'龙蛇斩',0,100,10000,100),
(10602,'0',0,0,0,0),
(10603,'0',0,0,0,0),
(10604,'0',0,0,0,0),
(10605,'0',0,0,0,0),
(10606,'0',0,0,0,0),
(10607,'0',0,0,0,0),
(10608,'0',0,0,0,0),
(10609,'0',0,0,0,0),
(10701,'落日弓',0,100,10000,100),
(10702,'0',0,0,0,0),
(10703,'0',0,0,0,0),
(10704,'0',0,0,0,0),
(10705,'0',0,0,0,0),
(10706,'0',0,0,0,0),
(10707,'0',0,0,0,0),
(10708,'0',0,0,0,0),
(10709,'0',0,0,0,0),
(10801,'火箭烈',0,100,10000,100),
(10802,'0',0,0,0,0),
(10803,'0',0,0,0,0),
(10804,'0',0,0,0,0),
(10805,'0',0,0,0,0),
(10806,'0',0,0,0,0),
(10807,'0',0,0,0,0),
(10808,'0',0,0,0,0),
(10809,'0',0,0,0,0),
(10901,'连弩击',0,100,10000,100),
(10902,'0',0,0,0,0),
(10903,'0',0,0,0,0),
(10904,'0',0,0,0,0),
(10905,'0',0,0,0,0),
(10906,'0',0,0,0,0),
(10907,'0',0,0,0,0),
(10908,'0',0,0,0,0),
(10909,'0',0,0,0,0),
(11001,'穿云箭',0,100,10000,100),
(11002,'0',0,0,0,0),
(11003,'0',0,0,0,0),
(11004,'0',0,0,0,0),
(11005,'0',0,0,0,0),
(11006,'0',0,0,0,0),
(11007,'0',0,0,0,0),
(11008,'0',0,0,0,0),
(11009,'0',0,0,0,0),
(11101,'旋龙',0,100,10000,100),
(11102,'0',0,0,0,0),
(11103,'0',0,0,0,0),
(11104,'0',0,0,0,0),
(11105,'0',0,0,0,0),
(11106,'0',0,0,0,0),
(11107,'0',0,0,0,0),
(11108,'0',0,0,0,0),
(11109,'0',0,0,0,0),
(11201,'流星坠地',0,100,10000,100),
(11202,'0',0,0,0,0),
(11203,'0',0,0,0,0),
(11204,'0',0,0,0,0),
(11205,'0',0,0,0,0),
(11206,'0',0,0,0,0),
(11207,'0',0,0,0,0),
(11208,'0',0,0,0,0),
(11209,'0',0,0,0,0),
(11301,'铜仙技',0,100,10000,100),
(11302,'0',0,0,0,0),
(11303,'0',0,0,0,0),
(11304,'0',0,0,0,0),
(11305,'0',0,0,0,0),
(11306,'0',0,0,0,0),
(11307,'0',0,0,0,0),
(11308,'0',0,0,0,0),
(11309,'0',0,0,0,0),
(11401,'伏兵',0,100,10000,100),
(11402,'0',0,0,0,0),
(11403,'0',0,0,0,0),
(11404,'0',0,0,0,0),
(11405,'0',0,0,0,0),
(11406,'0',0,0,0,0),
(11407,'0',0,0,0,0),
(11408,'0',0,0,0,0),
(11409,'0',0,0,0,0),
(11501,'恐吓',0,100,10000,100),
(11502,'0',0,0,0,0),
(11503,'0',0,0,0,0),
(11504,'0',0,0,0,0),
(11505,'0',0,0,0,0),
(11506,'0',0,0,0,0),
(11507,'0',0,0,0,0),
(11508,'0',0,0,0,0),
(11509,'0',0,0,0,0),
(11601,'奇袭',0,100,10000,100),
(11602,'0',0,0,0,0),
(11603,'0',0,0,0,0),
(11604,'0',0,0,0,0),
(11605,'0',0,0,0,0),
(11606,'0',0,0,0,0),
(11607,'0',0,0,0,0),
(11608,'0',0,0,0,0),
(11609,'0',0,0,0,0),
(11701,'昂扬',0,100,10000,100),
(11702,'0',0,0,0,0),
(11703,'0',0,0,0,0),
(11704,'0',0,0,0,0),
(11705,'0',0,0,0,0),
(11706,'0',0,0,0,0),
(11707,'0',0,0,0,0),
(11708,'0',0,0,0,0),
(11709,'0',0,0,0,0),
(11801,'奋战',0,100,10000,100),
(11802,'0',0,0,0,0),
(11803,'0',0,0,0,0),
(11804,'0',0,0,0,0),
(11805,'0',0,0,0,0),
(11806,'0',0,0,0,0),
(11807,'0',0,0,0,0),
(11808,'0',0,0,0,0),
(11809,'0',0,0,0,0),
(11901,'冰柱刺',0,100,10000,100),
(11902,'0',0,0,0,0),
(11903,'0',0,0,0,0),
(11904,'0',0,0,0,0),
(11905,'0',0,0,0,0),
(11906,'0',0,0,0,0),
(11907,'0',0,0,0,0),
(11908,'0',0,0,0,0),
(11909,'0',0,0,0,0),
(12001,'杀破狼',0,100,10000,100),
(12002,'0',0,0,0,0),
(12003,'0',0,0,0,0),
(12004,'0',0,0,0,0),
(12005,'0',0,0,0,0),
(12006,'0',0,0,0,0),
(12007,'0',0,0,0,0),
(12008,'0',0,0,0,0),
(12009,'0',0,0,0,0),
(12101,'霸王枪',0,100,10000,100),
(12102,'0',0,0,0,0),
(12103,'0',0,0,0,0),
(12104,'0',0,0,0,0),
(12105,'0',0,0,0,0),
(12106,'0',0,0,0,0),
(12107,'0',0,0,0,0),
(12108,'0',0,0,0,0),
(12109,'0',0,0,0,0),
(20101,'天下无双',0,100,10000,100),
(20102,'0',0,0,0,0),
(20103,'0',0,0,0,0),
(20104,'0',0,0,0,0),
(20105,'0',0,0,0,0),
(20106,'0',0,0,0,0),
(20107,'0',0,0,0,0),
(20108,'0',0,0,0,0),
(20109,'0',0,0,0,0),
(20201,'鬼哭神嚎',0,100,10000,100),
(20202,'0',0,0,0,0),
(20203,'0',0,0,0,0),
(20204,'0',0,0,0,0),
(20205,'0',0,0,0,0),
(20206,'0',0,0,0,0),
(20207,'0',0,0,0,0),
(20208,'0',0,0,0,0),
(20209,'0',0,0,0,0),
(20301,'神鬼乱舞',0,100,10000,100),
(20302,'0',0,0,0,0),
(20303,'0',0,0,0,0),
(20304,'0',0,0,0,0),
(20305,'0',0,0,0,0),
(20306,'0',0,0,0,0),
(20307,'0',0,0,0,0),
(20308,'0',0,0,0,0),
(20309,'0',0,0,0,0),
(20401,'倾国倾城',0,100,10000,100),
(20402,'0',0,0,0,0),
(20403,'0',0,0,0,0),
(20404,'0',0,0,0,0),
(20405,'0',0,0,0,0),
(20406,'0',0,0,0,0),
(20407,'0',0,0,0,0),
(20408,'0',0,0,0,0),
(20409,'0',0,0,0,0),
(20501,'乱世魔狱',0,100,10000,100),
(20502,'0',0,0,0,0),
(20503,'0',0,0,0,0),
(20504,'0',0,0,0,0),
(20505,'0',0,0,0,0),
(20506,'0',0,0,0,0),
(20507,'0',0,0,0,0),
(20508,'0',0,0,0,0),
(20509,'0',0,0,0,0),
(20601,'钢爪银龙',0,100,10000,100),
(20602,'0',0,0,0,0),
(20603,'0',0,0,0,0),
(20604,'0',0,0,0,0),
(20605,'0',0,0,0,0),
(20606,'0',0,0,0,0),
(20607,'0',0,0,0,0),
(20608,'0',0,0,0,0),
(20609,'0',0,0,0,0),
(20701,'饮血狂刀',0,100,10000,100),
(20702,'0',0,0,0,0),
(20703,'0',0,0,0,0),
(20704,'0',0,0,0,0),
(20705,'0',0,0,0,0),
(20706,'0',0,0,0,0),
(20707,'0',0,0,0,0),
(20708,'0',0,0,0,0),
(20709,'0',0,0,0,0);
