1	箭雨	0	0	0	0	0	0	0	0	
2	冰箭	0	0	0	0	0	0	0	0	
3	孙武后人	0	0	0	0	0	0	0	0	
4	步兵体形普攻	1.08	0.72	0	0.36	0	0	0	0	
5	骑兵体形普攻	1.84	1	0	0.84	0	0	0	0	
6	弓兵体形普射	2.04	1.4	0	0.64	0	0	0	1	
7	谋士体形普攻	0	0	0	0	0	0	0	0	
8	枪兵体形普攻	0	0	0	0	0	0	0	0	
11	许褚体形普攻	1.56	0.88	0	0.68	0	0	0	0	
12	弓兵体形普攻	2.04	1.24	0	0.8	0	0	0	0	
201	步兵横扫	0.92	0.56000000000000005	0	0.36	0	0	0	0	
202	步兵劈砍	1.08	0.72	0	0.36	0	0	0	0	
203	步兵向前投掷	1.4	0.76	0	0.64	0	0	0	0	
204	步兵防御	1.08	0	0	0	0	0	0	0	
301	管亥劈砍	1.6	1.08	0	0.52	0	0	0	0	
302	管亥横扫	1.48	1.1200000000000001	0	0.36	0	0	0	0	
303	管亥震地	1.52	1	0	0.52	0	0	0	0	
304	管亥乱锤	2.88	1.08	0	1.8	0	0	0	0	
305	管亥爆发	1.76	0	0	0	0	0	0	0	
306	管亥投掷	2.2799999999999998	1.28	0	1	0	0	0	0	
307	管亥防御	1.4	0	0	0	0	0	0	0	
401	贾诩召唤旋风	2.84	0	0	0	0	0	0	0	
402	贾诩投掷炸弹	2.04	0	0	0	0	0	0	0	
403	贾诩劈砍	1.56	0.68	0	0.88	0	0	0	0	
404	贾诩爆发	3.32	0	0	0	0	0	0	0	
405	贾诩防御	1.64	0	0	0	0	0	0	0	
501	弓兵平射	2.04	1.4	0	5	0	0	0	1	
502	弓兵抛射	2.08	1.4	0	5	0	0	0	1	
503	弓兵劈砍	2.04	1.24	0	0.8	0	0	0	0	
504	弓兵防御	2.12	0	0	0	0	0	0	0	
601	男主劈砍	1.56	1.08	0	0.48	0	0	0	0	
602	男主挑击	1.4	0.84	0	0.56000000000000005	0	0	0	0	
603	男主突刺	3	0.92	0.72	1.36	0	0	0	0	
604	男主向后劈砍	1.76	1.1200000000000001	0	0.64	0	0	0	0	
605	男主横扫1	1.68	0.96	0	0.72	0	0	0	0	
606	男主横扫2	1.6	0.96	0	0.64	0	0	0	0	
607	男主挥舞	3	0.92	0	2.08	0	0	0	0	
608	男主爆发	1.72	0	0	0	0	0	0	0	
609	男主向前投掷	2.2000000000000002	0.8	0	1.4	0	0	0	0	
610	男主向后投掷	2.16	1	0	1.1599999999999999	0	0	0	0	
611	男主防御	1.84	0	0	0	0	0	0	0	
612	男主向后防御	1.92	0	0	0	0	0	0	0	
701	女主劈砍	1.56	1.08	0	0.48	0	0	0	0	
702	女主挑击	1.4	0.84	0	0.56000000000000005	0	0	0	0	
703	女主突刺	3	0.92	0.72	1.36	0	0	0	0	
704	女主向后劈砍	1.76	1.1200000000000001	0	0.64	0	0	0	0	
705	女主横扫1	1.68	0.96	0	0.72	0	0	0	0	
706	女主横扫2	1.6	0.96	0	0.64	0	0	0	0	
707	女主挥舞	3	0.92	0	2.08	0	0	0	0	
708	女主爆发	1.72	0	0	0	0	0	0	0	
709	女主向前投掷	2.2000000000000002	0	0	0	0	0	0	0	
710	女主向后投掷	2.16	0	0	0	0	0	0	0	
711	女主防御	1.84	0	0	0	0	0	0	0	
712	女主向后防御	1.92	0	0	0	0	0	0	0	
801	吕玲绮劈砍	1.56	0.96	0	0.6	0	0	0	0	
802	吕玲绮挑击	1.56	0.96	0	0.6	0	0	0	0	
803	吕玲绮横扫1	0.96	0.6	0	0.36	0	0	0	0	
804	吕玲绮横扫2	1.1200000000000001	0.72	0	0.4	0	0	0	0	
805	吕玲绮快攻	1.92	0	0	0	0	0	0	0	
806	吕玲绮爆发	3.2	1.96	0	1.24	0	0	0	0	
807	吕玲绮向前投掷	1.84	0	0	0	0	0	0	0	
808	吕玲绮向上投掷	1.88	0	0	0	0	0	0	0	
809	吕玲绮防御	1.72	0	0	0	0	0	0	0	
901	骑兵劈砍	2.2400000000000002	1.2	0	1.04	0	0	0	0	
902	骑兵后劈砍	2.16	1.08	0	1.08	0	0	0	0	
903	骑兵横扫1	1.84	1	0	0.84	0	0	0	0	
904	骑兵投掷	2.3199999999999998	1.1200000000000001	0	1.2	0	0	0	0	
905	骑兵防御	2.36	0	0	0	0	0	0	0	
906	骑兵向后防御	2.4	0	0	0	0	0	0	0	
1001	徐晃平射	1	0.44	0	5	0	0	0	1	
1002	徐晃抛射	1.44	0.88	0	5	0	0	0	1	
1003	徐晃快射	2.3199999999999998	0.92	0	1.4	0	0	0	0	
1004	徐晃蓄力射击	1.56	1.2	0	0.36	0	0	0	0	
1005	徐晃劈砍	1.6	0.88	0	0.72	0	0	0	0	
1006	徐晃爆发	2.16	1.68	0	0.48	0	0	0	0	
1007	徐晃防御	1.64	0	0	0	0	0	0	0	
1101	张飞劈砍	1.76	0.88	0	0.88	0	0	0	0	
1102	张飞挑击	1.36	0.8	0	0.56000000000000005	0	0	0	0	
1103	张飞突刺	1.48	0.88	0	0.6	0	0	0	0	
1104	张飞脚踢	1	0.52	0	0.48	0	0	0	0	
1105	张飞快攻	2	0.68	0	1.32	0	0	0	0	
1106	张飞爆发	2.2000000000000002	1.64	0	0.56000000000000005	0	0	0	0	
1107	张飞向前投掷	1.84	1.1599999999999999	0	0.68	0	0	0	0	
1108	张飞防御	1.6	0	0	0	0	0	0	0	
1201	张梁劈砍	1.56	0.6	0	0.96	0	0	0	0	
1202	张梁快攻	1.08	0.48	0	0.6	0	0	0	0	
1203	张梁横扫1	0.84	0.52	0	0.32	0	0	0	0	
1204	张梁横扫2	0.76	0.56000000000000005	0	0.2	0	0	0	0	
1205	张梁后劈砍	0.92	0.6	0	0.32	0	0	0	0	
1206	张梁挥舞	3	0.52	0	2.48	0	0	0	0	
1207	张梁爆发	1.72	0	0	0	0	0	0	0	
1208	张梁向前投掷	2	0.88	0	1.1200000000000001	0	0	0	0	
1209	张梁向后投掷	1.64	0.76	0	0.88	0	0	0	0	
1210	张梁防御	1.08	0	0	0	0	0	0	0	
1211	张梁向后防御	1.4	0	0	0	0	0	0	0	
1301	甄姬平射	1.24	0.64	0	5	0	0	0	1	
1302	甄姬抛射	1.48	0.88	0	5	0	0	0	1	
1303	甄姬快射	2.44	0.96	0	1.48	0	0	0	0	
1304	甄姬蓄力射击	1.92	1.24	0	0.68	0	0	0	0	
1305	甄姬劈砍	1.6	0.8	0	0.8	0	0	0	0	
1306	甄姬爆发	2.12	1.52	0	0.6	0	0	0	0	
1307	甄姬防御	1.92	0	0	0	0	0	0	0	
10101	飞翔剑	24	0	0	0.64	2.2400000000000002	100	1	-1	
10102	0	24	0	0	0	0	0	1	0	
10103	0	24	0	0	0	0	0	1	0	
10104	0	24	0	0	0	0	0	1	0	
10105	0	24	0	0	0	0	0	1	0	
10106	0	24	0	0	0	0	0	1	0	
10107	0	24	0	0	0	0	0	1	0	
10108	0	24	0	0	0	0	0	1	0	
10109	0	24	0	0	0	0	0	1	0	
10201	千军破(赵云体现专用)	24	0	0	0	2.2400000000000002	100	1	-1	
10202	0	24	0	0	0	0	0	1	0	
10203	0	24	0	0	0	0	0	1	0	
10204	0	24	0	0	0	0	0	1	0	
10205	0	24	0	0	0	0	0	1	0	
10206	0	24	0	0	0	0	0	1	0	
10207	0	24	0	0	0	0	0	1	0	
10208	0	24	0	0	0	0	0	1	0	
10209	0	24	0	0	0	0	0	1	0	
10301	火牛阵	24	0	0	0.64	2.2400000000000002	100	1	-1	
10302	0	24	0	0	0	0	0	1	0	
10303	0	24	0	0	0	0	0	1	0	
10304	0	24	0	0	0	0	0	1	0	
10305	0	24	0	0	0	0	0	1	0	
10306	0	24	0	0	0	0	0	1	0	
10307	0	24	0	0	0	0	0	1	0	
10308	0	24	0	0	0	0	0	1	0	
10309	0	24	0	0	0	0	0	1	0	
10401	开山震	24	0	0	0	0	0	1	0	
10402	0	24	0	0	0	0	0	1	0	
10403	0	24	0	0	0	0	0	1	0	
10404	0	24	0	0	0	0	0	1	0	
10405	0	24	0	0	0	0	0	1	0	
10406	0	24	0	0	0	0	0	1	0	
10407	0	24	0	0	0	0	0	1	0	
10408	0	24	0	0	0	0	0	1	0	
10409	0	24	0	0	0	0	0	1	0	
10501	金刚甲	24	0	0	0.64	2.2400000000000002	100	1	-1	
10502	0	24	0	0	0	0	0	1	0	
10503	0	24	0	0	0	0	0	1	0	
10504	0	24	0	0	0	0	0	1	0	
10505	0	24	0	0	0	0	0	1	0	
10506	0	24	0	0	0	0	0	1	0	
10507	0	24	0	0	0	0	0	1	0	
10508	0	24	0	0	0	0	0	1	0	
10509	0	24	0	0	0	0	0	1	0	
10601	龙蛇斩	24	0	0	0.64	2.2400000000000002	100	1	-1	
10602	0	24	0	0	0	0	0	1	0	
10603	0	24	0	0	0	0	0	1	0	
10604	0	24	0	0	0	0	0	1	0	
10605	0	24	0	0	0	0	0	1	0	
10606	0	24	0	0	0	0	0	1	0	
10607	0	24	0	0	0	0	0	1	0	
10608	0	24	0	0	0	0	0	1	0	
10609	0	24	0	0	0	0	0	1	0	
10701	落日弓	24	2	2	2	2.2400000000000002	100	1	1	
10702	0	24	0	0	0	0	0	1	0	
10703	0	24	0	0	0	0	0	1	0	
10704	0	24	0	0	0	0	0	1	0	
10705	0	24	0	0	0	0	0	1	0	
10706	0	24	0	0	0	0	0	1	0	
10707	0	24	0	0	0	0	0	1	0	
10708	0	24	0	0	0	0	0	1	0	
10709	0	24	0	0	0	0	0	1	0	
10801	火箭烈	24	0	0	0.64	2.2400000000000002	100	1	-1	
10802	0	24	0	0	0	0	0	1	0	
10803	0	24	0	0	0	0	0	1	0	
10804	0	24	0	0	0	0	0	1	0	
10805	0	24	0	0	0	0	0	1	0	
10806	0	24	0	0	0	0	0	1	0	
10807	0	24	0	0	0	0	0	1	0	
10808	0	24	0	0	0	0	0	1	0	
10809	0	24	0	0	0	0	0	1	0	
10901	连弩击	24	0	0	0.64	2.2400000000000002	100	1	-1	
10902	0	24	0	0	0	0	0	1	0	
10903	0	24	0	0	0	0	0	1	0	
10904	0	24	0	0	0	0	0	1	0	
10905	0	24	0	0	0	0	0	1	0	
10906	0	24	0	0	0	0	0	1	0	
10907	0	24	0	0	0	0	0	1	0	
10908	0	24	0	0	0	0	0	1	0	
10909	0	24	0	0	0	0	0	1	0	
11001	穿云箭	24	0	0	0.64	2.2400000000000002	100	1	-1	
11002	0	24	0	0	0	0	0	1	0	
11003	0	24	0	0	0	0	0	1	0	
11004	0	24	0	0	0	0	0	1	0	
11005	0	24	0	0	0	0	0	1	0	
11006	0	24	0	0	0	0	0	1	0	
11007	0	24	0	0	0	0	0	1	0	
11008	0	24	0	0	0	0	0	1	0	
11009	0	24	0	0	0	0	0	1	0	
11101	旋龙	24	0	0	0.64	2.2400000000000002	100	1	-1	
11102	0	24	0	0	0	0	0	1	0	
11103	0	24	0	0	0	0	0	1	0	
11104	0	24	0	0	0	0	0	1	0	
11105	0	24	0	0	0	0	0	1	0	
11106	0	24	0	0	0	0	0	1	0	
11107	0	24	0	0	0	0	0	1	0	
11108	0	24	0	0	0	0	0	1	0	
11109	0	24	0	0	0	0	0	1	0	
11201	流星坠地	24	0.08	0.52	1	4.8	100	1	1	
11202	0	24	0	0	0	0	0	1	0	
11203	0	24	0	0	0	0	0	1	0	
11204	0	24	0	0	0	0	0	1	0	
11205	0	24	0	0	0	0	0	1	0	
11206	0	24	0	0	0	0	0	1	0	
11207	0	24	0	0	0	0	0	1	0	
11208	0	24	0	0	0	0	0	1	0	
11209	0	24	0	0	0	0	0	1	0	
11301	铜仙技	24	0	0	0.64	2.2400000000000002	100	1	-1	
11302	0	24	0	0	0	0	0	1	0	
11303	0	24	0	0	0	0	0	1	0	
11304	0	24	0	0	0	0	0	1	0	
11305	0	24	0	0	0	0	0	1	0	
11306	0	24	0	0	0	0	0	1	0	
11307	0	24	0	0	0	0	0	1	0	
11308	0	24	0	0	0	0	0	1	0	
11309	0	24	0	0	0	0	0	1	0	
11401	伏兵	24	0	0	0.64	2.2400000000000002	100	1	-1	
11402	0	24	0	0	0	0	0	1	0	
11403	0	24	0	0	0	0	0	1	0	
11404	0	24	0	0	0	0	0	1	0	
11405	0	24	0	0	0	0	0	1	0	
11406	0	24	0	0	0	0	0	1	0	
11407	0	24	0	0	0	0	0	1	0	
11408	0	24	0	0	0	0	0	1	0	
11409	0	24	0	0	0	0	0	1	0	
11501	恐吓	24	0	0	0.64	2.2400000000000002	100	1	-1	
11502	0	24	0	0	0	0	0	1	0	
11503	0	24	0	0	0	0	0	1	0	
11504	0	24	0	0	0	0	0	1	0	
11505	0	24	0	0	0	0	0	1	0	
11506	0	24	0	0	0	0	0	1	0	
11507	0	24	0	0	0	0	0	1	0	
11508	0	24	0	0	0	0	0	1	0	
11509	0	24	0	0	0	0	0	1	0	
11601	奇袭	24	0	0	0.64	2.2400000000000002	100	1	-1	
11602	0	24	0	0	0	0	0	1	0	
11603	0	24	0	0	0	0	0	1	0	
11604	0	24	0	0	0	0	0	1	0	
11605	0	24	0	0	0	0	0	1	0	
11606	0	24	0	0	0	0	0	1	0	
11607	0	24	0	0	0	0	0	1	0	
11608	0	24	0	0	0	0	0	1	0	
11609	0	24	0	0	0	0	0	1	0	
11701	昂扬	24	0	0	0.64	2.2400000000000002	100	1	-1	
11702	0	24	0	0	0	0	0	1	0	
11703	0	24	0	0	0	0	0	1	0	
11704	0	24	0	0	0	0	0	1	0	
11705	0	24	0	0	0	0	0	1	0	
11706	0	24	0	0	0	0	0	1	0	
11707	0	24	0	0	0	0	0	1	0	
11708	0	24	0	0	0	0	0	1	0	
11709	0	24	0	0	0	0	0	1	0	
11801	奋战	24	0	0	0.64	2.2400000000000002	100	1	-1	
11802	0	24	0	0	0	0	0	1	0	
11803	0	24	0	0	0	0	0	1	0	
11804	0	24	0	0	0	0	0	1	0	
11805	0	24	0	0	0	0	0	1	0	
11806	0	24	0	0	0	0	0	1	0	
11807	0	24	0	0	0	0	0	1	0	
11808	0	24	0	0	0	0	0	1	0	
11809	0	24	0	0	0	0	0	1	0	
11901	冰柱刺	24	0.04	0	0	2.2400000000000002	100	1	1	
11902	0	24	0	0	0	0	0	1	0	
11903	0	24	0	0	0	0	0	1	0	
11904	0	24	0	0	0	0	0	1	0	
11905	0	24	0	0	0	0	0	1	0	
11906	0	24	0	0	0	0	0	1	0	
11907	0	24	0	0	0	0	0	1	0	
11908	0	24	0	0	0	0	0	1	0	
11909	0	24	0	0	0	0	0	1	0	
12001	杀破狼	24	2	2	2	2.2400000000000002	100	1	0	
12002	0	24	0	0	0	0	0	1	0	
12003	0	24	0	0	0	0	0	1	0	
12004	0	24	0	0	0	0	0	1	0	
12005	0	24	0	0	0	0	0	1	0	
12006	0	24	0	0	0	0	0	1	0	
12007	0	24	0	0	0	0	0	1	0	
12008	0	24	0	0	0	0	0	1	0	
12009	0	24	0	0	0	0	0	1	0	
12101	霸王枪	24	0	0	0.64	2.2400000000000002	100	1	-1	
12102	0	24	0	0	0	0	0	1	0	
12103	0	24	0	0	0	0	0	1	0	
12104	0	24	0	0	0	0	0	1	0	
12105	0	24	0	0	0	0	0	1	0	
12106	0	24	0	0	0	0	0	1	0	
12107	0	24	0	0	0	0	0	1	0	
12108	0	24	0	0	0	0	0	1	0	
12109	0	24	0	0	0	0	0	1	0	
20101	天下无双	24	0	0	0.64	2.2400000000000002	100	1	-1	
20102	0	24	0	0	0	0	0	1	0	
20103	0	24	0	0	0	0	0	1	0	
20104	0	24	0	0	0	0	0	1	0	
20105	0	24	0	0	0	0	0	1	0	
20106	0	24	0	0	0	0	0	1	0	
20107	0	24	0	0	0	0	0	1	0	
20108	0	24	0	0	0	0	0	1	0	
20109	0	24	0	0	0	0	0	1	0	
20201	鬼哭神嚎	24	0	0	0.64	2.2400000000000002	100	1	-1	
20202	0	24	0	0	0	0	0	1	0	
20203	0	24	0	0	0	0	0	1	0	
20204	0	24	0	0	0	0	0	1	0	
20205	0	24	0	0	0	0	0	1	0	
20206	0	24	0	0	0	0	0	1	0	
20207	0	24	0	0	0	0	0	1	0	
20208	0	24	0	0	0	0	0	1	0	
20209	0	24	0	0	0	0	0	1	0	
20301	神鬼乱舞	24	0	0	0.64	2.2400000000000002	100	1	-1	
20302	0	24	0	0	0	0	0	1	0	
20303	0	24	0	0	0	0	0	1	0	
20304	0	24	0	0	0	0	0	1	0	
20305	0	24	0	0	0	0	0	1	0	
20306	0	24	0	0	0	0	0	1	0	
20307	0	24	0	0	0	0	0	1	0	
20308	0	24	0	0	0	0	0	1	0	
20309	0	24	0	0	0	0	0	1	0	
20401	倾国倾城	24	0	0	0.64	2.2400000000000002	100	1	-1	
20402	0	24	0	0	0	0	0	1	0	
20403	0	24	0	0	0	0	0	1	0	
20404	0	24	0	0	0	0	0	1	0	
20405	0	24	0	0	0	0	0	1	0	
20406	0	24	0	0	0	0	0	1	0	
20407	0	24	0	0	0	0	0	1	0	
20408	0	24	0	0	0	0	0	1	0	
20409	0	24	0	0	0	0	0	1	0	
20501	乱世魔狱	24	0	0	0.64	2.2400000000000002	100	1	-1	
20502	0	24	0	0	0	0	0	1	0	
20503	0	24	0	0	0	0	0	1	0	
20504	0	24	0	0	0	0	0	1	0	
20505	0	24	0	0	0	0	0	1	0	
20506	0	24	0	0	0	0	0	1	0	
20507	0	24	0	0	0	0	0	1	0	
20508	0	24	0	0	0	0	0	1	0	
20509	0	24	0	0	0	0	0	1	0	
20601	钢爪银龙	24	0	0	0.64	2.2400000000000002	100	1	-1	
20602	0	24	0	0	0	0	0	1	0	
20603	0	24	0	0	0	0	0	1	0	
20604	0	24	0	0	0	0	0	1	0	
20605	0	24	0	0	0	0	0	1	0	
20606	0	24	0	0	0	0	0	1	0	
20607	0	24	0	0	0	0	0	1	0	
20608	0	24	0	0	0	0	0	1	0	
20609	0	24	0	0	0	0	0	1	0	
20701	饮血狂刀	24	0	0	0.64	2.2400000000000002	100	1	-1	
20702	0	24	0	0	0	0	0	1	0	
20703	0	24	0	0	0	0	0	1	0	
20704	0	24	0	0	0	0	0	1	0	
20705	0	24	0	0	0	0	0	1	0	
20706	0	24	0	0	0	0	0	1	0	
20707	0	24	0	0	0	0	0	1	0	
20708	0	24	0	0	0	0	0	1	0	
20709	0	24	0	0	0	0	0	1	0	
