INSERT INTO `skill` VALUES
(1,'箭雨',1,1,1,0.00,0.00,0.00,0.00,0.00,0,0,0,0.00),
(2,'冰箭',2,2,2,0.00,0.00,0.00,0.00,0.00,0,0,0,0.00),
(3,'孙武后人',3,3,3,0.00,0.00,0.00,0.00,0.00,0,0,0,0.00),
(4,'步兵体形普攻',4,4,4,1.08,0.72,0.00,0.36,0.00,0,0,0,0.00),
(5,'骑兵体形普攻',5,5,5,1.84,1.00,0.00,0.84,0.00,0,0,0,0.00),
(6,'弓兵体形普射',6,6,6,2.04,1.40,0.00,0.64,0.00,0,0,1,0.00),
(7,'谋士体形普攻',7,7,7,0.00,0.00,0.00,0.00,0.00,0,0,0,0.00),
(8,'枪兵体形普攻',8,8,8,0.00,0.00,0.00,0.00,0.00,0,0,0,0.00),
(11,'许褚体形普攻',11,11,11,1.56,0.88,0.00,0.68,0.00,0,0,0,0.00),
(12,'弓兵体形普攻',12,12,12,2.04,1.24,0.00,0.80,0.00,0,0,0,0.00),
(201,'步兵横扫',201,201,201,0.92,0.56,0.00,0.36,0.00,0,0,0,0.00),
(202,'步兵劈砍',202,202,202,1.08,0.72,0.00,0.36,0.00,0,0,0,0.00),
(203,'步兵向前投掷',203,203,203,1.40,0.76,0.00,0.64,0.00,0,0,0,0.00),
(204,'步兵防御',204,204,204,1.08,0.00,0.00,0.00,0.00,0,0,0,0.00),
(301,'管亥劈砍',301,301,301,1.60,1.08,0.00,0.52,0.00,0,0,0,0.00),
(302,'管亥横扫',302,302,302,1.48,1.12,0.00,0.36,0.00,0,0,0,0.00),
(303,'管亥震地',303,303,303,1.52,1.00,0.00,0.52,0.00,0,0,0,0.00),
(304,'管亥乱锤',304,304,304,2.88,1.08,0.00,1.80,0.00,0,0,0,0.00),
(305,'管亥爆发',305,305,305,1.76,0.00,0.00,0.00,0.00,0,0,0,0.00),
(306,'管亥投掷',306,306,306,2.28,1.28,0.00,1.00,0.00,0,0,0,0.00),
(307,'管亥防御',307,307,307,1.40,0.00,0.00,0.00,0.00,0,0,0,0.00),
(401,'贾诩召唤旋风',401,401,401,2.84,0.00,0.00,0.00,0.00,0,0,0,0.00),
(402,'贾诩投掷炸弹',402,402,402,2.04,0.00,0.00,0.00,0.00,0,0,0,0.00),
(403,'贾诩劈砍',403,403,403,1.56,0.68,0.00,0.88,0.00,0,0,0,0.00),
(404,'贾诩爆发',404,404,404,3.32,0.00,0.00,0.00,0.00,0,0,0,0.00),
(405,'贾诩防御',405,405,405,1.64,0.00,0.00,0.00,0.00,0,0,0,0.00),
(501,'弓兵平射',501,501,501,2.04,1.40,0.00,5.00,0.00,0,0,1,0.00),
(502,'弓兵抛射',502,502,502,2.08,1.40,0.00,5.00,0.00,0,0,1,0.00),
(503,'弓兵劈砍',503,503,503,2.04,1.24,0.00,0.80,0.00,0,0,0,0.00),
(504,'弓兵防御',504,504,504,2.12,0.00,0.00,0.00,0.00,0,0,0,0.00),
(601,'男主劈砍',601,601,601,1.56,1.08,0.00,0.48,0.00,0,0,0,0.00),
(602,'男主挑击',602,602,602,1.40,0.84,0.00,0.56,0.00,0,0,0,0.00),
(603,'男主突刺',603,603,603,3.00,0.92,0.72,1.36,0.00,0,0,0,0.00),
(604,'男主向后劈砍',604,604,604,1.76,1.12,0.00,0.64,0.00,0,0,0,0.00),
(605,'男主横扫1',605,605,605,1.68,0.96,0.00,0.72,0.00,0,0,0,0.00),
(606,'男主横扫2',606,606,606,1.60,0.96,0.00,0.64,0.00,0,0,0,0.00),
(607,'男主挥舞',607,607,607,3.00,0.92,0.00,2.08,0.00,0,0,0,0.00),
(608,'男主爆发',608,608,608,1.72,0.00,0.00,0.00,0.00,0,0,0,0.00),
(609,'男主向前投掷',609,609,609,2.20,0.80,0.00,1.40,0.00,0,0,0,0.00),
(610,'男主向后投掷',610,610,610,2.16,1.00,0.00,1.16,0.00,0,0,0,0.00),
(611,'男主防御',611,611,611,1.84,0.00,0.00,0.00,0.00,0,0,0,0.00),
(612,'男主向后防御',612,612,612,1.92,0.00,0.00,0.00,0.00,0,0,0,0.00),
(701,'女主劈砍',701,701,701,1.56,1.08,0.00,0.48,0.00,0,0,0,0.00),
(702,'女主挑击',702,702,702,1.40,0.84,0.00,0.56,0.00,0,0,0,0.00),
(703,'女主突刺',703,703,703,3.00,0.92,0.72,1.36,0.00,0,0,0,0.00),
(704,'女主向后劈砍',704,704,704,1.76,1.12,0.00,0.64,0.00,0,0,0,0.00),
(705,'女主横扫1',705,705,705,1.68,0.96,0.00,0.72,0.00,0,0,0,0.00),
(706,'女主横扫2',706,706,706,1.60,0.96,0.00,0.64,0.00,0,0,0,0.00),
(707,'女主挥舞',707,707,707,3.00,0.92,0.00,2.08,0.00,0,0,0,0.00),
(708,'女主爆发',708,708,708,1.72,0.00,0.00,0.00,0.00,0,0,0,0.00),
(709,'女主向前投掷',709,709,709,2.20,0.00,0.00,0.00,0.00,0,0,0,0.00),
(710,'女主向后投掷',710,710,710,2.16,0.00,0.00,0.00,0.00,0,0,0,0.00),
(711,'女主防御',711,711,711,1.84,0.00,0.00,0.00,0.00,0,0,0,0.00),
(712,'女主向后防御',712,712,712,1.92,0.00,0.00,0.00,0.00,0,0,0,0.00),
(801,'吕玲绮劈砍',801,801,801,1.56,0.96,0.00,0.60,0.00,0,0,0,0.00),
(802,'吕玲绮挑击',802,802,802,1.56,0.96,0.00,0.60,0.00,0,0,0,0.00),
(803,'吕玲绮横扫1',803,803,803,0.96,0.60,0.00,0.36,0.00,0,0,0,0.00),
(804,'吕玲绮横扫2',804,804,804,1.12,0.72,0.00,0.40,0.00,0,0,0,0.00),
(805,'吕玲绮快攻',805,805,805,1.92,0.00,0.00,0.00,0.00,0,0,0,0.00),
(806,'吕玲绮爆发',806,806,806,3.20,1.96,0.00,1.24,0.00,0,0,0,0.00),
(807,'吕玲绮向前投掷',807,807,807,1.84,0.00,0.00,0.00,0.00,0,0,0,0.00),
(808,'吕玲绮向上投掷',808,808,808,1.88,0.00,0.00,0.00,0.00,0,0,0,0.00),
(809,'吕玲绮防御',809,809,809,1.72,0.00,0.00,0.00,0.00,0,0,0,0.00),
(901,'骑兵劈砍',901,901,901,2.24,1.20,0.00,1.04,0.00,0,0,0,0.00),
(902,'骑兵后劈砍',902,902,902,2.16,1.08,0.00,1.08,0.00,0,0,0,0.00),
(903,'骑兵横扫1',903,903,903,1.84,1.00,0.00,0.84,0.00,0,0,0,0.00),
(904,'骑兵投掷',904,904,904,2.32,1.12,0.00,1.20,0.00,0,0,0,0.00),
(905,'骑兵防御',905,905,905,2.36,0.00,0.00,0.00,0.00,0,0,0,0.00),
(906,'骑兵向后防御',906,906,906,2.40,0.00,0.00,0.00,0.00,0,0,0,0.00),
(1001,'徐晃平射',1001,1001,1001,1.00,0.44,0.00,5.00,0.00,0,0,1,0.00),
(1002,'徐晃抛射',1002,1002,1002,1.44,0.88,0.00,5.00,0.00,0,0,1,0.00),
(1003,'徐晃快射',1003,1003,1003,2.32,0.92,0.00,1.40,0.00,0,0,0,0.00),
(1004,'徐晃蓄力射击',1004,1004,1004,1.56,1.20,0.00,0.36,0.00,0,0,0,0.00),
(1005,'徐晃劈砍',1005,1005,1005,1.60,0.88,0.00,0.72,0.00,0,0,0,0.00),
(1006,'徐晃爆发',1006,1006,1006,2.16,1.68,0.00,0.48,0.00,0,0,0,0.00),
(1007,'徐晃防御',1007,1007,1007,1.64,0.00,0.00,0.00,0.00,0,0,0,0.00),
(1101,'张飞劈砍',1101,1101,1101,1.76,0.88,0.00,0.88,0.00,0,0,0,0.00),
(1102,'张飞挑击',1102,1102,1102,1.36,0.80,0.00,0.56,0.00,0,0,0,0.00),
(1103,'张飞突刺',1103,1103,1103,1.48,0.88,0.00,0.60,0.00,0,0,0,0.00),
(1104,'张飞脚踢',1104,1104,1104,1.00,0.52,0.00,0.48,0.00,0,0,0,0.00),
(1105,'张飞快攻',1105,1105,1105,2.00,0.68,0.00,1.32,0.00,0,0,0,0.00),
(1106,'张飞爆发',1106,1106,1106,2.20,1.64,0.00,0.56,0.00,0,0,0,0.00),
(1107,'张飞向前投掷',1107,1107,1107,1.84,1.16,0.00,0.68,0.00,0,0,0,0.00),
(1108,'张飞防御',1108,1108,1108,1.60,0.00,0.00,0.00,0.00,0,0,0,0.00),
(1201,'张梁劈砍',1201,1201,1201,1.56,0.60,0.00,0.96,0.00,0,0,0,0.00),
(1202,'张梁快攻',1202,1202,1202,1.08,0.48,0.00,0.60,0.00,0,0,0,0.00),
(1203,'张梁横扫1',1203,1203,1203,0.84,0.52,0.00,0.32,0.00,0,0,0,0.00),
(1204,'张梁横扫2',1204,1204,1204,0.76,0.56,0.00,0.20,0.00,0,0,0,0.00),
(1205,'张梁后劈砍',1205,1205,1205,0.92,0.60,0.00,0.32,0.00,0,0,0,0.00),
(1206,'张梁挥舞',1206,1206,1206,3.00,0.52,0.00,2.48,0.00,0,0,0,0.00),
(1207,'张梁爆发',1207,1207,1207,1.72,0.00,0.00,0.00,0.00,0,0,0,0.00),
(1208,'张梁向前投掷',1208,1208,1208,2.00,0.88,0.00,1.12,0.00,0,0,0,0.00),
(1209,'张梁向后投掷',1209,1209,1209,1.64,0.76,0.00,0.88,0.00,0,0,0,0.00),
(1210,'张梁防御',1210,1210,1210,1.08,0.00,0.00,0.00,0.00,0,0,0,0.00),
(1211,'张梁向后防御',1211,1211,1211,1.40,0.00,0.00,0.00,0.00,0,0,0,0.00),
(1301,'甄姬平射',1301,1301,1301,1.24,0.64,0.00,5.00,0.00,0,0,1,0.00),
(1302,'甄姬抛射',1302,1302,1302,1.48,0.88,0.00,5.00,0.00,0,0,1,0.00),
(1303,'甄姬快射',1303,1303,1303,2.44,0.96,0.00,1.48,0.00,0,0,0,0.00),
(1304,'甄姬蓄力射击',1304,1304,1304,1.92,1.24,0.00,0.68,0.00,0,0,0,0.00),
(1305,'甄姬劈砍',1305,1305,1305,1.60,0.80,0.00,0.80,0.00,0,0,0,0.00),
(1306,'甄姬爆发',1306,1306,1306,2.12,1.52,0.00,0.60,0.00,0,0,0,0.00),
(1307,'甄姬防御',1307,1307,1307,1.92,0.00,0.00,0.00,0.00,0,0,0,0.00),
(10101,'飞翔剑',10101,10101,10101,24.00,0.00,0.00,0.64,2.24,100,1,-1,0.00),
(10102,'0',10102,10102,10102,24.00,0.00,0.00,0.00,0.00,0,1,0,0.00),
(10103,'0',10103,10103,10103,24.00,0.00,0.00,0.00,0.00,0,1,0,0.00),
(10104,'0',10104,10104,10104,24.00,0.00,0.00,0.00,0.00,0,1,0,0.00),
(10105,'0',10105,10105,10105,24.00,0.00,0.00,0.00,0.00,0,1,0,0.00),
(10106,'0',10106,10106,10106,24.00,0.00,0.00,0.00,0.00,0,1,0,0.00),
(10107,'0',10107,10107,10107,24.00,0.00,0.00,0.00,0.00,0,1,0,0.00),
(10108,'0',10108,10108,10108,24.00,0.00,0.00,0.00,0.00,0,1,0,0.00),
(10109,'0',10109,10109,10109,24.00,0.00,0.00,0.00,0.00,0,1,0,0.00),
(10201,'千军破(赵云体现专用)',10201,10201,10201,24.00,0.00,0.00,0.00,2.24,100,1,-1,0.00),
(10202,'0',10202,10202,10202,24.00,0.00,0.00,0.00,0.00,0,1,0,0.00),
(10203,'0',10203,10203,10203,24.00,0.00,0.00,0.00,0.00,0,1,0,0.00),
(10204,'0',10204,10204,10204,24.00,0.00,0.00,0.00,0.00,0,1,0,0.00),
(10205,'0',10205,10205,10205,24.00,0.00,0.00,0.00,0.00,0,1,0,0.00),
(10206,'0',10206,10206,10206,24.00,0.00,0.00,0.00,0.00,0,1,0,0.00),
(10207,'0',10207,10207,10207,24.00,0.00,0.00,0.00,0.00,0,1,0,0.00),
(10208,'0',10208,10208,10208,24.00,0.00,0.00,0.00,0.00,0,1,0,0.00),
(10209,'0',10209,10209,10209,24.00,0.00,0.00,0.00,0.00,0,1,0,0.00),
(10301,'火牛阵',10301,10301,10301,24.00,0.00,0.00,0.64,2.24,100,1,-1,0.00),
(10302,'0',10302,10302,10302,24.00,0.00,0.00,0.00,0.00,0,1,0,0.00),
(10303,'0',10303,10303,10303,24.00,0.00,0.00,0.00,0.00,0,1,0,0.00),
(10304,'0',10304,10304,10304,24.00,0.00,0.00,0.00,0.00,0,1,0,0.00),
(10305,'0',10305,10305,10305,24.00,0.00,0.00,0.00,0.00,0,1,0,0.00),
(10306,'0',10306,10306,10306,24.00,0.00,0.00,0.00,0.00,0,1,0,0.00),
(10307,'0',10307,10307,10307,24.00,0.00,0.00,0.00,0.00,0,1,0,0.00),
(10308,'0',10308,10308,10308,24.00,0.00,0.00,0.00,0.00,0,1,0,0.00),
(10309,'0',10309,10309,10309,24.00,0.00,0.00,0.00,0.00,0,1,0,0.00),
(10401,'开山震',10401,10401,10401,24.00,0.00,0.00,0.00,0.00,0,1,0,0.00),
(10402,'0',10402,10402,10402,24.00,0.00,0.00,0.00,0.00,0,1,0,0.00),
(10403,'0',10403,10403,10403,24.00,0.00,0.00,0.00,0.00,0,1,0,0.00),
(10404,'0',10404,10404,10404,24.00,0.00,0.00,0.00,0.00,0,1,0,0.00),
(10405,'0',10405,10405,10405,24.00,0.00,0.00,0.00,0.00,0,1,0,0.00),
(10406,'0',10406,10406,10406,24.00,0.00,0.00,0.00,0.00,0,1,0,0.00),
(10407,'0',10407,10407,10407,24.00,0.00,0.00,0.00,0.00,0,1,0,0.00),
(10408,'0',10408,10408,10408,24.00,0.00,0.00,0.00,0.00,0,1,0,0.00),
(10409,'0',10409,10409,10409,24.00,0.00,0.00,0.00,0.00,0,1,0,0.00),
(10501,'金刚甲',10501,10501,10501,24.00,0.00,0.00,0.64,2.24,100,1,-1,0.00),
(10502,'0',10502,10502,10502,24.00,0.00,0.00,0.00,0.00,0,1,0,0.00),
(10503,'0',10503,10503,10503,24.00,0.00,0.00,0.00,0.00,0,1,0,0.00),
(10504,'0',10504,10504,10504,24.00,0.00,0.00,0.00,0.00,0,1,0,0.00),
(10505,'0',10505,10505,10505,24.00,0.00,0.00,0.00,0.00,0,1,0,0.00),
(10506,'0',10506,10506,10506,24.00,0.00,0.00,0.00,0.00,0,1,0,0.00),
(10507,'0',10507,10507,10507,24.00,0.00,0.00,0.00,0.00,0,1,0,0.00),
(10508,'0',10508,10508,10508,24.00,0.00,0.00,0.00,0.00,0,1,0,0.00),
(10509,'0',10509,10509,10509,24.00,0.00,0.00,0.00,0.00,0,1,0,0.00),
(10601,'龙蛇斩',10601,10601,10601,24.00,0.00,0.00,0.64,2.24,100,1,-1,0.00),
(10602,'0',10602,10602,10602,24.00,0.00,0.00,0.00,0.00,0,1,0,0.00),
(10603,'0',10603,10603,10603,24.00,0.00,0.00,0.00,0.00,0,1,0,0.00),
(10604,'0',10604,10604,10604,24.00,0.00,0.00,0.00,0.00,0,1,0,0.00),
(10605,'0',10605,10605,10605,24.00,0.00,0.00,0.00,0.00,0,1,0,0.00),
(10606,'0',10606,10606,10606,24.00,0.00,0.00,0.00,0.00,0,1,0,0.00),
(10607,'0',10607,10607,10607,24.00,0.00,0.00,0.00,0.00,0,1,0,0.00),
(10608,'0',10608,10608,10608,24.00,0.00,0.00,0.00,0.00,0,1,0,0.00),
(10609,'0',10609,10609,10609,24.00,0.00,0.00,0.00,0.00,0,1,0,0.00),
(10701,'落日弓',10701,10701,10701,24.00,2.00,2.00,2.00,2.24,100,1,1,0.00),
(10702,'0',10702,10702,10702,24.00,0.00,0.00,0.00,0.00,0,1,0,0.00),
(10703,'0',10703,10703,10703,24.00,0.00,0.00,0.00,0.00,0,1,0,0.00),
(10704,'0',10704,10704,10704,24.00,0.00,0.00,0.00,0.00,0,1,0,0.00),
(10705,'0',10705,10705,10705,24.00,0.00,0.00,0.00,0.00,0,1,0,0.00),
(10706,'0',10706,10706,10706,24.00,0.00,0.00,0.00,0.00,0,1,0,0.00),
(10707,'0',10707,10707,10707,24.00,0.00,0.00,0.00,0.00,0,1,0,0.00),
(10708,'0',10708,10708,10708,24.00,0.00,0.00,0.00,0.00,0,1,0,0.00),
(10709,'0',10709,10709,10709,24.00,0.00,0.00,0.00,0.00,0,1,0,0.00),
(10801,'火箭烈',10801,10801,10801,24.00,0.00,0.00,0.64,2.24,100,1,-1,0.00),
(10802,'0',10802,10802,10802,24.00,0.00,0.00,0.00,0.00,0,1,0,0.00),
(10803,'0',10803,10803,10803,24.00,0.00,0.00,0.00,0.00,0,1,0,0.00),
(10804,'0',10804,10804,10804,24.00,0.00,0.00,0.00,0.00,0,1,0,0.00),
(10805,'0',10805,10805,10805,24.00,0.00,0.00,0.00,0.00,0,1,0,0.00),
(10806,'0',10806,10806,10806,24.00,0.00,0.00,0.00,0.00,0,1,0,0.00),
(10807,'0',10807,10807,10807,24.00,0.00,0.00,0.00,0.00,0,1,0,0.00),
(10808,'0',10808,10808,10808,24.00,0.00,0.00,0.00,0.00,0,1,0,0.00),
(10809,'0',10809,10809,10809,24.00,0.00,0.00,0.00,0.00,0,1,0,0.00),
(10901,'连弩击',10901,10901,10901,24.00,0.00,0.00,0.64,2.24,100,1,-1,0.00),
(10902,'0',10902,10902,10902,24.00,0.00,0.00,0.00,0.00,0,1,0,0.00),
(10903,'0',10903,10903,10903,24.00,0.00,0.00,0.00,0.00,0,1,0,0.00),
(10904,'0',10904,10904,10904,24.00,0.00,0.00,0.00,0.00,0,1,0,0.00),
(10905,'0',10905,10905,10905,24.00,0.00,0.00,0.00,0.00,0,1,0,0.00),
(10906,'0',10906,10906,10906,24.00,0.00,0.00,0.00,0.00,0,1,0,0.00),
(10907,'0',10907,10907,10907,24.00,0.00,0.00,0.00,0.00,0,1,0,0.00),
(10908,'0',10908,10908,10908,24.00,0.00,0.00,0.00,0.00,0,1,0,0.00),
(10909,'0',10909,10909,10909,24.00,0.00,0.00,0.00,0.00,0,1,0,0.00),
(11001,'穿云箭',11001,11001,11001,24.00,0.00,0.00,0.64,2.24,100,1,-1,0.00),
(11002,'0',11002,11002,11002,24.00,0.00,0.00,0.00,0.00,0,1,0,0.00),
(11003,'0',11003,11003,11003,24.00,0.00,0.00,0.00,0.00,0,1,0,0.00),
(11004,'0',11004,11004,11004,24.00,0.00,0.00,0.00,0.00,0,1,0,0.00),
(11005,'0',11005,11005,11005,24.00,0.00,0.00,0.00,0.00,0,1,0,0.00),
(11006,'0',11006,11006,11006,24.00,0.00,0.00,0.00,0.00,0,1,0,0.00),
(11007,'0',11007,11007,11007,24.00,0.00,0.00,0.00,0.00,0,1,0,0.00),
(11008,'0',11008,11008,11008,24.00,0.00,0.00,0.00,0.00,0,1,0,0.00),
(11009,'0',11009,11009,11009,24.00,0.00,0.00,0.00,0.00,0,1,0,0.00),
(11101,'旋龙',11101,11101,11101,24.00,0.00,0.00,0.64,2.24,100,1,-1,0.00),
(11102,'0',11102,11102,11102,24.00,0.00,0.00,0.00,0.00,0,1,0,0.00),
(11103,'0',11103,11103,11103,24.00,0.00,0.00,0.00,0.00,0,1,0,0.00),
(11104,'0',11104,11104,11104,24.00,0.00,0.00,0.00,0.00,0,1,0,0.00),
(11105,'0',11105,11105,11105,24.00,0.00,0.00,0.00,0.00,0,1,0,0.00),
(11106,'0',11106,11106,11106,24.00,0.00,0.00,0.00,0.00,0,1,0,0.00),
(11107,'0',11107,11107,11107,24.00,0.00,0.00,0.00,0.00,0,1,0,0.00),
(11108,'0',11108,11108,11108,24.00,0.00,0.00,0.00,0.00,0,1,0,0.00),
(11109,'0',11109,11109,11109,24.00,0.00,0.00,0.00,0.00,0,1,0,0.00),
(11201,'流星坠地',11201,11201,11201,24.00,0.08,0.52,1.00,4.80,100,1,1,0.00),
(11202,'0',11202,11202,11202,24.00,0.00,0.00,0.00,0.00,0,1,0,0.00),
(11203,'0',11203,11203,11203,24.00,0.00,0.00,0.00,0.00,0,1,0,0.00),
(11204,'0',11204,11204,11204,24.00,0.00,0.00,0.00,0.00,0,1,0,0.00),
(11205,'0',11205,11205,11205,24.00,0.00,0.00,0.00,0.00,0,1,0,0.00),
(11206,'0',11206,11206,11206,24.00,0.00,0.00,0.00,0.00,0,1,0,0.00),
(11207,'0',11207,11207,11207,24.00,0.00,0.00,0.00,0.00,0,1,0,0.00),
(11208,'0',11208,11208,11208,24.00,0.00,0.00,0.00,0.00,0,1,0,0.00),
(11209,'0',11209,11209,11209,24.00,0.00,0.00,0.00,0.00,0,1,0,0.00),
(11301,'铜仙技',11301,11301,11301,24.00,0.00,0.00,0.64,2.24,100,1,-1,0.00),
(11302,'0',11302,11302,11302,24.00,0.00,0.00,0.00,0.00,0,1,0,0.00),
(11303,'0',11303,11303,11303,24.00,0.00,0.00,0.00,0.00,0,1,0,0.00),
(11304,'0',11304,11304,11304,24.00,0.00,0.00,0.00,0.00,0,1,0,0.00),
(11305,'0',11305,11305,11305,24.00,0.00,0.00,0.00,0.00,0,1,0,0.00),
(11306,'0',11306,11306,11306,24.00,0.00,0.00,0.00,0.00,0,1,0,0.00),
(11307,'0',11307,11307,11307,24.00,0.00,0.00,0.00,0.00,0,1,0,0.00),
(11308,'0',11308,11308,11308,24.00,0.00,0.00,0.00,0.00,0,1,0,0.00),
(11309,'0',11309,11309,11309,24.00,0.00,0.00,0.00,0.00,0,1,0,0.00),
(11401,'伏兵',11401,11401,11401,24.00,0.00,0.00,0.64,2.24,100,1,-1,0.00),
(11402,'0',11402,11402,11402,24.00,0.00,0.00,0.00,0.00,0,1,0,0.00),
(11403,'0',11403,11403,11403,24.00,0.00,0.00,0.00,0.00,0,1,0,0.00),
(11404,'0',11404,11404,11404,24.00,0.00,0.00,0.00,0.00,0,1,0,0.00),
(11405,'0',11405,11405,11405,24.00,0.00,0.00,0.00,0.00,0,1,0,0.00),
(11406,'0',11406,11406,11406,24.00,0.00,0.00,0.00,0.00,0,1,0,0.00),
(11407,'0',11407,11407,11407,24.00,0.00,0.00,0.00,0.00,0,1,0,0.00),
(11408,'0',11408,11408,11408,24.00,0.00,0.00,0.00,0.00,0,1,0,0.00),
(11409,'0',11409,11409,11409,24.00,0.00,0.00,0.00,0.00,0,1,0,0.00),
(11501,'恐吓',11501,11501,11501,24.00,0.00,0.00,0.64,2.24,100,1,-1,0.00),
(11502,'0',11502,11502,11502,24.00,0.00,0.00,0.00,0.00,0,1,0,0.00),
(11503,'0',11503,11503,11503,24.00,0.00,0.00,0.00,0.00,0,1,0,0.00),
(11504,'0',11504,11504,11504,24.00,0.00,0.00,0.00,0.00,0,1,0,0.00),
(11505,'0',11505,11505,11505,24.00,0.00,0.00,0.00,0.00,0,1,0,0.00),
(11506,'0',11506,11506,11506,24.00,0.00,0.00,0.00,0.00,0,1,0,0.00),
(11507,'0',11507,11507,11507,24.00,0.00,0.00,0.00,0.00,0,1,0,0.00),
(11508,'0',11508,11508,11508,24.00,0.00,0.00,0.00,0.00,0,1,0,0.00),
(11509,'0',11509,11509,11509,24.00,0.00,0.00,0.00,0.00,0,1,0,0.00),
(11601,'奇袭',11601,11601,11601,24.00,0.00,0.00,0.64,2.24,100,1,-1,0.00),
(11602,'0',11602,11602,11602,24.00,0.00,0.00,0.00,0.00,0,1,0,0.00),
(11603,'0',11603,11603,11603,24.00,0.00,0.00,0.00,0.00,0,1,0,0.00),
(11604,'0',11604,11604,11604,24.00,0.00,0.00,0.00,0.00,0,1,0,0.00),
(11605,'0',11605,11605,11605,24.00,0.00,0.00,0.00,0.00,0,1,0,0.00),
(11606,'0',11606,11606,11606,24.00,0.00,0.00,0.00,0.00,0,1,0,0.00),
(11607,'0',11607,11607,11607,24.00,0.00,0.00,0.00,0.00,0,1,0,0.00),
(11608,'0',11608,11608,11608,24.00,0.00,0.00,0.00,0.00,0,1,0,0.00),
(11609,'0',11609,11609,11609,24.00,0.00,0.00,0.00,0.00,0,1,0,0.00),
(11701,'昂扬',11701,11701,11701,24.00,0.00,0.00,0.64,2.24,100,1,-1,0.00),
(11702,'0',11702,11702,11702,24.00,0.00,0.00,0.00,0.00,0,1,0,0.00),
(11703,'0',11703,11703,11703,24.00,0.00,0.00,0.00,0.00,0,1,0,0.00),
(11704,'0',11704,11704,11704,24.00,0.00,0.00,0.00,0.00,0,1,0,0.00),
(11705,'0',11705,11705,11705,24.00,0.00,0.00,0.00,0.00,0,1,0,0.00),
(11706,'0',11706,11706,11706,24.00,0.00,0.00,0.00,0.00,0,1,0,0.00),
(11707,'0',11707,11707,11707,24.00,0.00,0.00,0.00,0.00,0,1,0,0.00),
(11708,'0',11708,11708,11708,24.00,0.00,0.00,0.00,0.00,0,1,0,0.00),
(11709,'0',11709,11709,11709,24.00,0.00,0.00,0.00,0.00,0,1,0,0.00),
(11801,'奋战',11801,11801,11801,24.00,0.00,0.00,0.64,2.24,100,1,-1,0.00),
(11802,'0',11802,11802,11802,24.00,0.00,0.00,0.00,0.00,0,1,0,0.00),
(11803,'0',11803,11803,11803,24.00,0.00,0.00,0.00,0.00,0,1,0,0.00),
(11804,'0',11804,11804,11804,24.00,0.00,0.00,0.00,0.00,0,1,0,0.00),
(11805,'0',11805,11805,11805,24.00,0.00,0.00,0.00,0.00,0,1,0,0.00),
(11806,'0',11806,11806,11806,24.00,0.00,0.00,0.00,0.00,0,1,0,0.00),
(11807,'0',11807,11807,11807,24.00,0.00,0.00,0.00,0.00,0,1,0,0.00),
(11808,'0',11808,11808,11808,24.00,0.00,0.00,0.00,0.00,0,1,0,0.00),
(11809,'0',11809,11809,11809,24.00,0.00,0.00,0.00,0.00,0,1,0,0.00),
(11901,'冰柱刺',11901,11901,11901,24.00,0.04,0.00,0.00,2.24,100,1,1,0.00),
(11902,'0',11902,11902,11902,24.00,0.00,0.00,0.00,0.00,0,1,0,0.00),
(11903,'0',11903,11903,11903,24.00,0.00,0.00,0.00,0.00,0,1,0,0.00),
(11904,'0',11904,11904,11904,24.00,0.00,0.00,0.00,0.00,0,1,0,0.00),
(11905,'0',11905,11905,11905,24.00,0.00,0.00,0.00,0.00,0,1,0,0.00),
(11906,'0',11906,11906,11906,24.00,0.00,0.00,0.00,0.00,0,1,0,0.00),
(11907,'0',11907,11907,11907,24.00,0.00,0.00,0.00,0.00,0,1,0,0.00),
(11908,'0',11908,11908,11908,24.00,0.00,0.00,0.00,0.00,0,1,0,0.00),
(11909,'0',11909,11909,11909,24.00,0.00,0.00,0.00,0.00,0,1,0,0.00),
(12001,'杀破狼',12001,12001,12001,24.00,2.00,2.00,2.00,2.24,100,1,0,0.00),
(12002,'0',12002,12002,12002,24.00,0.00,0.00,0.00,0.00,0,1,0,0.00),
(12003,'0',12003,12003,12003,24.00,0.00,0.00,0.00,0.00,0,1,0,0.00),
(12004,'0',12004,12004,12004,24.00,0.00,0.00,0.00,0.00,0,1,0,0.00),
(12005,'0',12005,12005,12005,24.00,0.00,0.00,0.00,0.00,0,1,0,0.00),
(12006,'0',12006,12006,12006,24.00,0.00,0.00,0.00,0.00,0,1,0,0.00),
(12007,'0',12007,12007,12007,24.00,0.00,0.00,0.00,0.00,0,1,0,0.00),
(12008,'0',12008,12008,12008,24.00,0.00,0.00,0.00,0.00,0,1,0,0.00),
(12009,'0',12009,12009,12009,24.00,0.00,0.00,0.00,0.00,0,1,0,0.00),
(12101,'霸王枪',12101,12101,12101,24.00,0.00,0.00,0.64,2.24,100,1,-1,0.00),
(12102,'0',12102,12102,12102,24.00,0.00,0.00,0.00,0.00,0,1,0,0.00),
(12103,'0',12103,12103,12103,24.00,0.00,0.00,0.00,0.00,0,1,0,0.00),
(12104,'0',12104,12104,12104,24.00,0.00,0.00,0.00,0.00,0,1,0,0.00),
(12105,'0',12105,12105,12105,24.00,0.00,0.00,0.00,0.00,0,1,0,0.00),
(12106,'0',12106,12106,12106,24.00,0.00,0.00,0.00,0.00,0,1,0,0.00),
(12107,'0',12107,12107,12107,24.00,0.00,0.00,0.00,0.00,0,1,0,0.00),
(12108,'0',12108,12108,12108,24.00,0.00,0.00,0.00,0.00,0,1,0,0.00),
(12109,'0',12109,12109,12109,24.00,0.00,0.00,0.00,0.00,0,1,0,0.00),
(20101,'天下无双',20101,20101,20101,24.00,0.00,0.00,0.64,2.24,100,1,-1,0.00),
(20102,'0',20102,20102,20102,24.00,0.00,0.00,0.00,0.00,0,1,0,0.00),
(20103,'0',20103,20103,20103,24.00,0.00,0.00,0.00,0.00,0,1,0,0.00),
(20104,'0',20104,20104,20104,24.00,0.00,0.00,0.00,0.00,0,1,0,0.00),
(20105,'0',20105,20105,20105,24.00,0.00,0.00,0.00,0.00,0,1,0,0.00),
(20106,'0',20106,20106,20106,24.00,0.00,0.00,0.00,0.00,0,1,0,0.00),
(20107,'0',20107,20107,20107,24.00,0.00,0.00,0.00,0.00,0,1,0,0.00),
(20108,'0',20108,20108,20108,24.00,0.00,0.00,0.00,0.00,0,1,0,0.00),
(20109,'0',20109,20109,20109,24.00,0.00,0.00,0.00,0.00,0,1,0,0.00),
(20201,'鬼哭神嚎',20201,20201,20201,24.00,0.00,0.00,0.64,2.24,100,1,-1,0.00),
(20202,'0',20202,20202,20202,24.00,0.00,0.00,0.00,0.00,0,1,0,0.00),
(20203,'0',20203,20203,20203,24.00,0.00,0.00,0.00,0.00,0,1,0,0.00),
(20204,'0',20204,20204,20204,24.00,0.00,0.00,0.00,0.00,0,1,0,0.00),
(20205,'0',20205,20205,20205,24.00,0.00,0.00,0.00,0.00,0,1,0,0.00),
(20206,'0',20206,20206,20206,24.00,0.00,0.00,0.00,0.00,0,1,0,0.00),
(20207,'0',20207,20207,20207,24.00,0.00,0.00,0.00,0.00,0,1,0,0.00),
(20208,'0',20208,20208,20208,24.00,0.00,0.00,0.00,0.00,0,1,0,0.00),
(20209,'0',20209,20209,20209,24.00,0.00,0.00,0.00,0.00,0,1,0,0.00),
(20301,'神鬼乱舞',20301,20301,20301,24.00,0.00,0.00,0.64,2.24,100,1,-1,0.00),
(20302,'0',20302,20302,20302,24.00,0.00,0.00,0.00,0.00,0,1,0,0.00),
(20303,'0',20303,20303,20303,24.00,0.00,0.00,0.00,0.00,0,1,0,0.00),
(20304,'0',20304,20304,20304,24.00,0.00,0.00,0.00,0.00,0,1,0,0.00),
(20305,'0',20305,20305,20305,24.00,0.00,0.00,0.00,0.00,0,1,0,0.00),
(20306,'0',20306,20306,20306,24.00,0.00,0.00,0.00,0.00,0,1,0,0.00),
(20307,'0',20307,20307,20307,24.00,0.00,0.00,0.00,0.00,0,1,0,0.00),
(20308,'0',20308,20308,20308,24.00,0.00,0.00,0.00,0.00,0,1,0,0.00),
(20309,'0',20309,20309,20309,24.00,0.00,0.00,0.00,0.00,0,1,0,0.00),
(20401,'倾国倾城',20401,20401,20401,24.00,0.00,0.00,0.64,2.24,100,1,-1,0.00),
(20402,'0',20402,20402,20402,24.00,0.00,0.00,0.00,0.00,0,1,0,0.00),
(20403,'0',20403,20403,20403,24.00,0.00,0.00,0.00,0.00,0,1,0,0.00),
(20404,'0',20404,20404,20404,24.00,0.00,0.00,0.00,0.00,0,1,0,0.00),
(20405,'0',20405,20405,20405,24.00,0.00,0.00,0.00,0.00,0,1,0,0.00),
(20406,'0',20406,20406,20406,24.00,0.00,0.00,0.00,0.00,0,1,0,0.00),
(20407,'0',20407,20407,20407,24.00,0.00,0.00,0.00,0.00,0,1,0,0.00),
(20408,'0',20408,20408,20408,24.00,0.00,0.00,0.00,0.00,0,1,0,0.00),
(20409,'0',20409,20409,20409,24.00,0.00,0.00,0.00,0.00,0,1,0,0.00),
(20501,'乱世魔狱',20501,20501,20501,24.00,0.00,0.00,0.64,2.24,100,1,-1,0.00),
(20502,'0',20502,20502,20502,24.00,0.00,0.00,0.00,0.00,0,1,0,0.00),
(20503,'0',20503,20503,20503,24.00,0.00,0.00,0.00,0.00,0,1,0,0.00),
(20504,'0',20504,20504,20504,24.00,0.00,0.00,0.00,0.00,0,1,0,0.00),
(20505,'0',20505,20505,20505,24.00,0.00,0.00,0.00,0.00,0,1,0,0.00),
(20506,'0',20506,20506,20506,24.00,0.00,0.00,0.00,0.00,0,1,0,0.00),
(20507,'0',20507,20507,20507,24.00,0.00,0.00,0.00,0.00,0,1,0,0.00),
(20508,'0',20508,20508,20508,24.00,0.00,0.00,0.00,0.00,0,1,0,0.00),
(20509,'0',20509,20509,20509,24.00,0.00,0.00,0.00,0.00,0,1,0,0.00),
(20601,'钢爪银龙',20601,20601,20601,24.00,0.00,0.00,0.64,2.24,100,1,-1,0.00),
(20602,'0',20602,20602,20602,24.00,0.00,0.00,0.00,0.00,0,1,0,0.00),
(20603,'0',20603,20603,20603,24.00,0.00,0.00,0.00,0.00,0,1,0,0.00),
(20604,'0',20604,20604,20604,24.00,0.00,0.00,0.00,0.00,0,1,0,0.00),
(20605,'0',20605,20605,20605,24.00,0.00,0.00,0.00,0.00,0,1,0,0.00),
(20606,'0',20606,20606,20606,24.00,0.00,0.00,0.00,0.00,0,1,0,0.00),
(20607,'0',20607,20607,20607,24.00,0.00,0.00,0.00,0.00,0,1,0,0.00),
(20608,'0',20608,20608,20608,24.00,0.00,0.00,0.00,0.00,0,1,0,0.00),
(20609,'0',20609,20609,20609,24.00,0.00,0.00,0.00,0.00,0,1,0,0.00),
(20701,'饮血狂刀',20701,20701,20701,24.00,0.00,0.00,0.64,2.24,100,1,-1,0.00),
(20702,'0',20702,20702,20702,24.00,0.00,0.00,0.00,0.00,0,1,0,0.00),
(20703,'0',20703,20703,20703,24.00,0.00,0.00,0.00,0.00,0,1,0,0.00),
(20704,'0',20704,20704,20704,24.00,0.00,0.00,0.00,0.00,0,1,0,0.00),
(20705,'0',20705,20705,20705,24.00,0.00,0.00,0.00,0.00,0,1,0,0.00),
(20706,'0',20706,20706,20706,24.00,0.00,0.00,0.00,0.00,0,1,0,0.00),
(20707,'0',20707,20707,20707,24.00,0.00,0.00,0.00,0.00,0,1,0,0.00),
(20708,'0',20708,20708,20708,24.00,0.00,0.00,0.00,0.00,0,1,0,0.00),
(20709,'0',20709,20709,20709,24.00,0.00,0.00,0.00,0.00,0,1,0,0.00);
